0.000000000 0.000000000 0.000000000 0.000000000 0.000000000 0.000000000 0.000000000 1.000000000
0.103735900 0.615610903 0.011356168 0.048671065 0.001549012 -0.000667199 0.000748528 0.999998298
0.207338100 1.394172868 0.009427602 0.043011145 0.001730682 -0.001111376 0.002679162 0.999994296
0.311075200 2.107202003 0.006179672 0.051316787 0.000802570 -0.001721390 0.005229726 0.999984521
0.414691700 2.837697231 -0.003792635 0.051709989 -0.000106239 -0.002453731 0.007340777 0.999970040
0.518430200 3.551382461 0.017044647 0.078234838 0.000463878 -0.002353231 0.009389885 0.999953037
0.622044800 4.272975141 0.046776943 0.073807745 0.000032822 -0.002733197 0.012155191 0.999922387
0.725797700 5.033897254 0.103508132 0.080360083 -0.000621460 -0.002780860 0.014924831 0.999884558
0.829419900 5.874146324 0.111203073 0.080039092 -0.001096983 -0.002112114 0.016941730 0.999853646
0.933146700 6.701932322 0.145067882 0.092417579 -0.002057842 -0.001370291 0.018706153 0.999821968
1.036910000 7.547991131 0.157358709 0.087526775 -0.002115473 -0.000375755 0.020665155 0.999784144
1.140497000 8.336478789 0.198355193 0.077714466 -0.000945329 0.000047999 0.022238319 0.999752250
1.244242000 9.146500716 0.260553276 0.070025342 -0.000535103 -0.000347494 0.022850895 0.999738681
1.347979000 9.971062216 0.306476257 0.124899470 -0.000787985 -0.000700572 0.023339595 0.999727039
1.451596000 10.831823081 0.365617093 0.133753294 -0.001431824 -0.000499578 0.024998865 0.999686329
1.555212000 11.774486530 0.410473119 0.133532502 -0.000674899 -0.000615309 0.026109821 0.999658663
1.658960000 12.670876636 0.439567745 0.152809246 -0.001459392 -0.001498792 0.027196197 0.999627926
1.762569000 13.546730603 0.527767417 0.147460300 -0.000985036 -0.002586214 0.027803879 0.999609567
1.866302000 14.411023108 0.571998949 0.161239854 -0.001953943 -0.003392517 0.028040584 0.999599119
1.969923000 15.260129008 0.665505327 0.171288461 -0.003194530 -0.003397280 0.029372979 0.999557643
2.073666000 16.195952676 0.670934888 0.167348083 -0.002190596 -0.002712773 0.030056550 0.999542118
2.177281000 17.067251525 0.772455513 0.183068030 -0.002695863 -0.001971870 0.030342495 0.999533980
2.281017000 17.946128526 0.842043499 0.206625652 -0.002774255 -0.001896300 0.030487758 0.999529491
2.384639000 18.879927411 0.898156698 0.198346084 -0.002686957 -0.002236077 0.031270759 0.999504837
2.488250000 19.763687330 0.942739487 0.229881367 -0.001829245 -0.002271544 0.032137016 0.999479217
2.591988000 20.719737148 0.985213153 0.242408595 -0.000168832 -0.001919252 0.032378946 0.999473807
2.695832000 21.652453802 1.047019092 0.239291613 -0.001809288 -0.000427222 0.032291700 0.999476758
2.799367000 22.610623873 1.102009694 0.245632473 -0.001287005 0.000993793 0.032369545 0.999474646
2.903084000 23.550329728 1.198324898 0.230595235 -0.000765323 0.002546802 0.030948711 0.999517436
3.006768000 24.461318853 1.252274743 0.205145448 0.000149066 0.003410979 0.029763816 0.999551128
3.110441000 25.352038652 1.298620715 0.221904559 -0.000473623 0.002418397 0.028973767 0.999577135
3.214057000 26.287515214 1.336160322 0.270542715 -0.002503414 0.000183587 0.028472787 0.999591416
3.317669000 27.205562715 1.402203637 0.305250588 -0.004298300 -0.001419142 0.028004450 0.999597550
3.421285000 28.207676152 1.464209594 0.301379014 -0.003173683 -0.000747302 0.027622121 0.999613119
3.524925000 29.218533520 1.515873049 0.285987146 -0.001775362 0.001416398 0.027344316 0.999623494
3.628545000 30.217027337 1.578813891 0.267407250 -0.000885936 0.003343750 0.027637920 0.999612015
3.732256000 31.197848567 1.634853033 0.292108486 0.001407186 0.003345620 0.028112811 0.999598168
3.835871000 32.132630947 1.642307228 0.342057086 0.001601099 0.002003279 0.028773339 0.999582672
3.939488000 33.111087236 1.704261184 0.369593026 0.000992249 -0.000156130 0.029677589 0.999559019
4.043107000 34.122992658 1.808084123 0.363156271 0.001911984 -0.000951346 0.030325428 0.999537797
4.146888000 35.136421233 1.879516054 0.383725505 0.001451886 -0.000291174 0.030821882 0.999523796
4.250460000 36.153294095 1.923832210 0.361214822 0.002411001 0.000709331 0.031337115 0.999505712
4.354202000 37.158087673 1.998075696 0.399207896 -0.001359017 0.001793049 0.031794926 0.999491881
4.457940000 38.176770752 2.072825429 0.374857729 -0.002070731 0.003116784 0.032186127 0.999474888
4.561559000 39.172418808 2.153600658 0.413465100 -0.002179525 0.004362476 0.032295381 0.999466471
4.665293000 40.171878362 2.215289236 0.387617743 -0.003207615 0.005888238 0.032658748 0.999444069
4.768912000 41.174854719 2.291052599 0.400964407 -0.003253244 0.005666869 0.032394567 0.999453798
4.872532000 42.130625598 2.337831315 0.415603857 -0.004016371 0.004642600 0.032906176 0.999439592
4.976146000 43.110430413 2.397795009 0.418389966 -0.004923004 0.003686451 0.032376813 0.999456811
5.079909000 44.075662542 2.442736558 0.419935982 -0.003913648 0.003853747 0.032522742 0.999455904
5.183503000 45.124050702 2.524550735 0.457588774 -0.003382020 0.004626998 0.033133898 0.999434489
5.287117000 46.145888113 2.594467788 0.411532047 -0.003666473 0.004830153 0.033753608 0.999411787
5.390861000 47.087744356 2.717899765 0.452711811 -0.005460134 0.003864512 0.034338368 0.999387877
5.494473000 48.080691850 2.775917690 0.469673737 -0.006499588 0.001564704 0.033976955 0.999400257
5.598233000 49.047544747 2.839437107 0.468665508 -0.005655199 0.001064885 0.034330674 0.999393961
5.701829000 49.965856002 2.935529356 0.476251921 -0.007251085 0.002258767 0.035165608 0.999352640
5.805571000 50.907095074 2.988575075 0.496843644 -0.005976379 0.004195612 0.035062647 0.999358439
5.909185000 51.907025370 3.066564307 0.510968937 -0.004806430 0.004374911 0.035012293 0.999365748
6.012921000 52.964442014 3.134644253 0.473266663 -0.002283302 0.004038184 0.034924865 0.999379174
6.116541000 53.873566799 3.206032590 0.485119948 -0.001370950 0.003661438 0.035215579 0.999372092
6.220278000 54.856538212 3.256877717 0.485785100 -0.000706189 0.003676676 0.035702704 0.999355442
6.323895000 55.776159326 3.353541632 0.491956733 -0.000406895 0.005875505 0.036091011 0.999331152
6.427659000 56.743142967 3.431018136 0.479258944 0.001236613 0.007997628 0.036373511 0.999305497
6.531383000 57.672224364 3.500963746 0.436322258 0.000192773 0.009008947 0.036758769 0.999283541
6.634992000 58.658156300 3.537557378 0.479286862 -0.001674225 0.007932877 0.037566128 0.999261253
6.738741000 59.552828271 3.631313423 0.478059644 -0.001427169 0.004180967 0.038202762 0.999260242
6.842350000 60.435089327 3.681161948 0.493051664 -0.001387303 0.001753343 0.038480036 0.999256868
6.945963000 61.347663290 3.799457895 0.460426479 -0.002304212 0.001655816 0.038815152 0.999242379
7.049705000 62.281289454 3.850313364 0.466400636 -0.005952463 0.002682035 0.038728328 0.999228448
7.153323000 63.143595775 3.928641889 0.481680484 -0.004379386 0.003727648 0.039707529 0.999194795
7.256934000 63.980100971 4.023415436 0.489388150 -0.002978750 0.003773723 0.040275483 0.999177047
7.360549000 64.808659126 4.107772844 0.457468507 -0.000797339 0.004230784 0.041047933 0.999147903
7.464167000 65.632641121 4.186016252 0.457678872 0.000135935 0.004047524 0.041854401 0.999115513
7.567786000 66.485229907 4.269722053 0.463543139 -0.000260690 0.004328805 0.042243830 0.999097919
7.671396000 67.351413535 4.342208385 0.462447748 -0.000197796 0.004906261 0.042985518 0.999063629
7.775144000 68.170863200 4.433384894 0.425027551 0.001739952 0.005880979 0.044009820 0.999012273
7.878754000 68.927526144 4.483564996 0.430733910 -0.000529465 0.007770166 0.044294185 0.998988173
7.982493000 69.641765964 4.542481723 0.451428683 -0.003140513 0.008798949 0.044848564 0.998950110
8.086111000 70.461505847 4.674689558 0.487872703 -0.002839552 0.007173823 0.045533345 0.998933025
8.189849000 71.175013910 4.729929743 0.491570953 -0.004401582 0.004004459 0.046350926 0.998907494
8.293470000 71.859451269 4.778482858 0.506103272 -0.006124769 0.001232648 0.047052745 0.998872868
8.397102000 72.544983271 4.869730903 0.485872730 -0.006565034 -0.000532295 0.047577622 0.998845827
8.500847000 73.270257741 4.952025748 0.475992693 -0.007234041 0.000650760 0.047671727 0.998836649
8.604438000 73.921082756 5.009963910 0.491852946 -0.005550450 0.002177358 0.048139206 0.998822841
8.708175000 74.533327249 5.058444482 0.526395296 -0.006274473 0.001458773 0.048799164 0.998787838
8.811795000 75.162262140 5.122280190 0.583067833 -0.004488211 -0.000359672 0.048759949 0.998800377
8.915403000 75.758510566 5.199318277 0.587588733 -0.001936122 -0.002672780 0.048031641 0.998840362
9.019162000 76.345833063 5.257717355 0.560961121 -0.000682961 -0.003645848 0.046419824 0.998915132
9.122890000 76.934019660 5.305520344 0.550794512 -0.000332261 -0.002710733 0.043929271 0.999030911
9.226512000 77.461498081 5.347079465 0.560204054 -0.000961202 -0.000968225 0.041560780 0.999135046
9.330247000 78.026066340 5.386987510 0.564715303 0.000712440 0.001273593 0.039171111 0.999231452
9.433986000 78.573768371 5.414155134 0.564920888 0.002210109 0.003320630 0.035432972 0.999364094
9.537749000 79.058249525 5.450086472 0.627176398 -0.000391491 0.003207558 0.030130049 0.999540764
9.641587000 79.601287215 5.487631794 0.623479629 -0.002741892 0.002819100 0.022785969 0.999732631
9.745342000 80.171170714 5.549374464 0.634044405 -0.006371440 0.003035829 0.014046879 0.999876429
9.849229000 80.669227992 5.524650669 0.623674001 -0.005957277 0.003168251 0.003273318 0.999971879
9.953059000 81.159190781 5.518350535 0.622004011 -0.005796378 0.003032847 -0.009900852 0.999929586
10.056930000 81.569662713 5.466448635 0.595402549 -0.004231301 0.003824501 -0.024758273 0.999677196
10.160830000 81.969830656 5.404210484 0.551463251 -0.002818725 0.005094186 -0.040993553 0.999142449
10.264660000 82.442205368 5.355474126 0.545696187 -0.003190751 0.005631474 -0.059903959 0.998183160
