1.000000000 0.000000000 0.000000000 0.000000000 0.000000000 1.000000000 0.000000000 0.000000000 0.000000000 0.000000000 1.000000000 0.000000000
0.999997989 -0.001499121 -0.001332077 0.615610903 0.001494987 0.999994081 -0.003099017 0.011356168 0.001336715 0.003097019 0.999994311 0.048671065
0.999983174 -0.005362140 -0.002213467 1.394172868 0.005354447 0.999979654 -0.003467300 0.009427602 0.002232014 0.003455389 0.999991539 0.043011145
0.999939374 -0.010462054 -0.003434333 2.107202003 0.010456528 0.999944012 -0.001623119 0.006179672 0.003451122 0.001587109 0.999992785 0.051316787
0.999880184 -0.014680594 -0.004908875 2.837697231 0.014681636 0.999892203 0.000176447 -0.003792635 0.004905755 -0.000248496 0.999987936 0.051709989
0.999812585 -0.018781071 -0.004697530 3.551382461 0.018776705 0.999823230 -0.000971906 0.017044647 0.004714953 0.000883520 0.999988494 0.078234838
0.999689562 -0.024308674 -0.005465171 4.272975141 0.024308315 0.999704501 -0.000132084 0.046776943 0.005466767 -0.000000806 0.999985057 0.073807745
0.999539032 -0.029842760 -0.005579627 5.033897254 0.029849672 0.999553726 0.001159768 0.103508132 0.005542527 -0.001325783 0.999983761 0.080360083
0.999417034 -0.033873868 -0.004260779 5.874146324 0.033883136 0.999423549 0.002122080 0.111203073 0.004186439 -0.002265211 0.999988671 0.080039092
0.999296404 -0.037400006 -0.002817083 6.701932322 0.037411285 0.999291690 0.004063686 0.145067882 0.002663106 -0.004166218 0.999987775 0.092417579
0.999145620 -0.041319799 -0.000838780 7.547991131 0.041322979 0.999136952 0.004214502 0.157358709 0.000663914 -0.004245562 0.999990767 0.087526775
0.999010910 -0.044465710 0.000053929 8.336478789 0.044465529 0.999009127 0.001892325 0.198355193 -0.000138019 -0.001888055 0.999998208 0.077714466
0.998955432 -0.045689475 -0.000719262 9.146500716 0.045690219 0.998955101 0.001054046 0.260553276 0.000670352 -0.001085808 0.999999186 0.070025342
0.998909545 -0.046665343 -0.001437545 9.971062216 0.046667552 0.998909285 0.001542839 0.306476257 0.001363980 -0.001608243 0.999997777 0.124899470
0.998749614 -0.049980616 -0.001070432 10.831823081 0.049983477 0.998746013 0.002837772 0.365617093 0.000927256 -0.002887728 0.999995401 0.133753294
0.998635797 -0.052200986 -0.001265442 11.774486530 0.052202647 0.998635644 0.001317206 0.410473119 0.001194956 -0.001381468 0.999998332 0.133532502
0.998516241 -0.054367782 -0.003075848 12.670876636 0.054376531 0.998516474 0.002836174 0.439567745 0.002917088 -0.002999220 0.999991248 0.152809246
0.998440512 -0.055580952 -0.005225184 13.546730603 0.055591143 0.998451948 0.001825489 0.527767417 0.005115633 -0.002113117 0.999984682 0.147460300
0.998404433 -0.056045428 -0.006891893 14.411023108 0.056071943 0.998419816 0.003716063 0.571998949 0.006672734 -0.004096576 0.999969346 0.161239854
0.998251373 -0.058698267 -0.006979221 15.260129008 0.058741677 0.998254046 0.006186658 0.665505327 0.006603890 -0.006585811 0.999956507 0.171288461
0.998178489 -0.060073689 -0.005554746 16.195952676 0.060097460 0.998183610 0.004216112 0.670934888 0.005291379 -0.004542258 0.999975684 0.167348083
0.998150890 -0.060646077 -0.004105501 17.067251525 0.060667341 0.998144131 0.005269549 0.772455513 0.003778304 -0.005508875 0.999977688 0.183068030
0.998133801 -0.060936305 -0.003959977 17.946128526 0.060957348 0.998125600 0.005430271 0.842043499 0.003621653 -0.005661527 0.999977415 0.206625652
0.998034279 -0.062498534 -0.004637986 18.879927411 0.062522567 0.998029840 0.005231405 0.898156698 0.004301893 -0.005511101 0.999975560 0.198346084
0.997924105 -0.064232248 -0.004658296 19.763687330 0.064248869 0.997927732 0.003510583 0.942739487 0.004423150 -0.003802586 0.999982988 0.229881367
0.997895841 -0.064723170 -0.003847417 20.719737148 0.064724466 0.997903151 0.000213200 0.985213153 0.003825550 -0.000461773 0.999992576 0.242408595
0.997914127 -0.064548062 -0.000970848 21.652453802 0.064551154 0.997907945 0.003589091 1.047019092 0.000737148 -0.003644274 0.999993088 0.239291613
0.997902450 -0.064707637 0.001903223 22.610623873 0.064702521 0.997901112 0.002636995 1.102009694 -0.002069862 -0.002508321 0.999994712 0.245632473
0.998071382 -0.061871452 0.005043775 23.550329728 0.061863655 0.998083183 0.001687548 1.198324898 -0.005138518 -0.001372267 0.999985856 0.230595235
0.998204961 -0.059499896 0.006827770 24.461318853 0.059501930 0.998228186 -0.000094951 1.252274743 -0.006810023 0.000501046 0.999976686 0.205145448
0.998309344 -0.057925321 0.004807303 25.352038652 0.057920739 0.998320593 0.001086986 1.298620715 -0.004862194 -0.000806706 0.999987854 0.221904559
0.998378533 -0.056923225 0.000224465 26.287515214 0.056921387 0.998366067 0.005015236 1.336160322 -0.000509582 -0.004994327 0.999987398 0.270542715
0.998427474 -0.055974160 -0.003077885 27.205562715 0.055998560 0.998394551 0.008513656 1.402203637 0.002596399 -0.008672626 0.999959021 0.305250588
0.998472920 -0.055218125 -0.001669353 28.207676152 0.055227612 0.998453892 0.006303626 1.464209594 0.001318698 -0.006386194 0.999978739 0.301379014
0.998500564 -0.054673070 0.002734638 29.218533520 0.054663012 0.998498273 0.003626847 1.515873049 -0.002928822 -0.003471926 0.999989684 0.285987146
0.998449929 -0.055260319 0.006635935 30.217027337 0.055248469 0.998470721 0.001956014 1.578813891 -0.006733877 -0.001586357 0.999976069 0.267407250
0.998396953 -0.056193613 0.006767672 31.197848567 0.056212445 0.998415379 -0.002625131 1.634853033 -0.006609432 0.003001350 0.999973653 0.292108486
0.998336164 -0.057516247 0.004097023 32.132630947 0.057529077 0.998339063 -0.003085580 1.642307228 -0.003912747 0.003316144 0.999986847 0.342057086
0.998238433 -0.059329313 -0.000253227 33.111087236 0.059328693 0.998236512 -0.001992890 1.704261184 0.000371017 0.001974356 0.999997982 0.369593026
0.998158927 -0.060626461 -0.001785850 34.122992658 0.060619185 0.998153425 -0.003879900 1.808084123 0.002017777 0.003764500 0.999990879 0.363156271
0.998099854 -0.061615255 -0.000492572 35.136421233 0.061613563 0.998095807 -0.002920337 1.879516054 0.000671571 0.002884439 0.999995614 0.383725505
0.998034964 -0.062639830 0.001569068 36.153294095 0.062646671 0.998024345 -0.004775162 1.923832210 -0.001266853 0.004864075 0.999987368 0.361214822
0.997971735 -0.063562414 0.003497857 37.158087673 0.063552667 0.997974472 0.002830673 1.998075696 -0.003670696 -0.002602634 0.999989876 0.399207896
0.997908678 -0.064351360 0.006096997 38.176770752 0.064325544 0.997919531 0.004339922 2.072825429 -0.006363592 -0.003938653 0.999971995 0.374857729
0.997875954 -0.064575318 0.008579520 39.172418808 0.064537286 0.997904516 0.004638500 2.153600658 -0.008861074 -0.004074949 0.999952437 0.413465100
0.997797470 -0.065318958 0.011560415 40.171878362 0.065243409 0.997846235 0.006796268 2.215289236 -0.011979442 -0.006027058 0.999910080 0.387617743
0.997836957 -0.064790617 0.011116773 41.174854719 0.064716874 0.997880017 0.006870086 2.291052599 -0.011538322 -0.006135783 0.999914606 0.400964407
0.997791260 -0.065812764 0.009015670 42.130625598 0.065738178 0.997802105 0.008333780 2.337831315 -0.009544324 -0.007722699 0.999924630 0.415603857
0.997876304 -0.064754749 0.007050114 43.110430413 0.064682156 0.997855012 0.010079371 2.397795009 -0.007687679 -0.009601949 0.999924348 0.418389966
0.997854840 -0.065040258 0.007448736 44.075662542 0.064979929 0.997853909 0.008073707 2.442736558 -0.007957866 -0.007572369 0.999939664 0.419935982
0.997761471 -0.066261619 0.009024644 45.124050702 0.066199025 0.997781413 0.007066836 2.524550735 -0.009472882 -0.006453594 0.999934306 0.457588774
0.997674727 -0.067502927 0.009407110 46.145888113 0.067432088 0.997694502 0.007654702 2.594467788 -0.009902137 -0.007002562 0.999926453 0.411532047
0.997611884 -0.068676900 0.007349308 47.087744356 0.068592497 0.997582127 0.011178985 2.717899765 -0.008099276 -0.010648181 0.999910505 0.452711811
0.997686236 -0.067933495 0.002685859 48.080691850 0.067892815 0.997606644 0.013097707 2.775917690 -0.003569204 -0.012885052 0.999910614 0.469673737
0.997640542 -0.068631782 0.001740187 49.047544747 0.068607693 0.997578847 0.011376660 2.839437107 -0.002516774 -0.011230427 0.999933769 0.468665508
0.997516556 -0.070318443 0.004004631 49.965856002 0.070252928 0.997421604 0.014651643 2.935529356 -0.005024586 -0.014333920 0.999884639 0.476251921
0.997506015 -0.070130454 0.007966746 50.907095074 0.070030155 0.997469787 0.012239307 2.988575075 -0.008804936 -0.011650870 0.999893359 0.496843644
0.997509999 -0.070022227 0.008407705 51.907025370 0.069938117 0.997502075 0.009913113 3.066564307 -0.009080841 -0.009300411 0.999915517 0.510968937
0.997527894 -0.069824805 0.007911866 52.964442014 0.069787924 0.997550081 0.004845835 3.134644253 -0.008230842 -0.004281703 0.999956959 0.473266663
0.997492914 -0.070396973 0.007221720 53.873566799 0.070376894 0.997515967 0.002998058 3.206032590 -0.007414836 -0.002482300 0.999969429 0.485119948
0.997423598 -0.071364576 0.007298188 54.856538212 0.071354190 0.997449636 0.001674002 3.256877717 -0.007399039 -0.001148933 0.999971967 0.485785100
0.997325835 -0.072138524 0.011713780 55.776159326 0.072128961 0.997394547 0.001237351 3.353541632 -0.011772521 -0.000389139 0.999930626 0.491956733
0.997226011 -0.072676718 0.016074107 56.743142967 0.072716278 0.997350877 -0.001889705 3.431018136 -0.015894188 0.003053313 0.999869017 0.479258944
0.997135264 -0.073461393 0.018019158 57.672224364 0.073468339 0.997297511 0.000277046 3.500963746 -0.017990813 0.001047585 0.999837603 0.436322258
0.997051711 -0.075103316 0.015728244 58.658156300 0.075050190 0.997171966 0.003941990 3.537557378 -0.015979821 -0.002749960 0.999868533 0.479286862
0.997046137 -0.076360936 0.008246704 59.552828271 0.076337068 0.997077024 0.003171676 3.631313423 -0.008464791 -0.002532779 0.999960965 0.478059644
0.997032425 -0.076907745 0.003397314 60.435089327 0.076898016 0.997034724 0.002907482 3.681161948 -0.003610848 -0.002637607 0.999990002 0.493051664
0.996981285 -0.077579120 0.003130246 61.347663290 0.077563858 0.996976149 0.004733474 3.799457895 -0.003487999 -0.004476391 0.999983898 0.460426479
0.996985847 -0.077428825 0.004898873 62.281289454 0.077364966 0.996929370 0.012103483 3.850313364 -0.005820988 -0.011688000 0.999914750 0.466400636
0.996818834 -0.079383762 0.007101503 63.143595775 0.079318463 0.996808266 0.009047750 3.928641889 -0.007797081 -0.008455687 0.999933851 0.481680484
0.996727289 -0.080507159 0.007301293 63.980100971 0.080462195 0.996738025 0.006256574 4.023415436 -0.007781175 -0.005648620 0.999953772 0.489388150
0.996594335 -0.082032658 0.008388900 64.808659126 0.082019165 0.996628863 0.001940649 4.107772844 -0.008519817 -0.001245989 0.999962929 0.457468507
0.996463653 -0.083633662 0.008099268 65.632641121 0.083635863 0.996496381 0.000067184 4.186016252 -0.008076510 0.000610443 0.999967198 0.457678872
0.996393441 -0.084413702 0.008627776 66.485229907 0.084409188 0.996430782 0.000886640 4.269722053 -0.008671826 -0.000155178 0.999962387 0.463543139
0.996256348 -0.085892477 0.009786328 67.351413535 0.085888595 0.996304412 0.000817019 4.342208385 -0.009820338 0.000026574 0.999951779 0.462447748
0.996057100 -0.087912235 0.011903491 68.170863200 0.087953165 0.996120217 -0.002958825 4.433384894 -0.011597191 0.003994108 0.999924773 0.425027551
0.995955299 -0.088506961 0.015477704 68.927526144 0.088490505 0.996075490 0.001746205 4.483564996 -0.015571513 -0.000369513 0.999878688 0.430733910
0.995822370 -0.089658222 0.017297727 69.641765964 0.089547690 0.995957487 0.007063672 4.542481723 -0.017861117 -0.005485191 0.999825431 0.451428683
0.995750501 -0.091010266 0.014073748 70.461505847 0.090928784 0.995837303 0.006326342 4.674689558 -0.014590925 -0.005019749 0.999880946 0.487872703
0.995671112 -0.092635826 0.007592134 71.175013910 0.092565322 0.995664436 0.009164767 4.729929743 -0.008408203 -0.008422326 0.999929181 0.491570953
0.995569040 -0.094014520 0.001886143 71.859451269 0.093984321 0.995497053 0.012351730 4.778482858 -0.003038892 -0.012119732 0.999921936 0.506103272
0.995472173 -0.095038428 -0.001688058 72.544983271 0.095052407 0.995386541 0.013064264 4.869730903 0.000438663 -0.013165565 0.999913234 0.485872730
0.995453966 -0.095241951 0.000610288 73.270257741 0.095223121 0.995350150 0.014513296 4.952025748 -0.001989725 -0.014389205 0.999894490 0.475992693
0.995355752 -0.096189248 0.003815201 73.921082756 0.096140907 0.995303619 0.011297465 5.009963910 -0.004883978 -0.010878199 0.999928903 0.491852946
0.995233027 -0.097498328 0.002301631 74.533327249 0.097461716 0.995158545 0.012676108 5.058444482 -0.003526387 -0.012391360 0.999917006 0.526395296
0.995244676 -0.097399683 -0.001156171 75.162262140 0.097406140 0.995204647 0.008930579 5.122280190 0.000280792 -0.009000729 0.999959453 0.583067833
0.995371635 -0.095941534 -0.005525352 75.758510566 0.095962234 0.995378426 0.003610998 5.199318277 0.005153371 -0.004124510 0.999978215 0.587588733
0.995663815 -0.092733950 -0.007347192 76.345833063 0.092743910 0.995689467 0.001025960 5.257717355 0.007220380 -0.001702919 0.999972483 0.560961121
0.996125742 -0.087771598 -0.005445404 76.934019660 0.087775201 0.996140217 0.000425716 5.305520344 0.005387020 -0.000902039 0.999985083 0.550794512
0.996543528 -0.083047801 -0.002014671 77.461498081 0.083051524 0.996543555 0.001840261 5.347079465 0.001854878 -0.002001221 0.999996277 0.560204054
0.996928004 -0.078280197 0.002601042 78.026066340 0.078283827 0.996930233 -0.001324009 5.386987510 -0.002489413 0.001523561 0.999995741 0.564715303
0.997466956 -0.070806201 0.006793659 78.573768371 0.070835557 0.997479240 -0.004182087 5.414155134 -0.006480416 0.004652726 0.999968178 0.564920888
0.998163783 -0.060234937 0.006388579 79.058249525 0.060229914 0.998184054 0.000975911 5.450086472 -0.006435762 -0.000589335 0.999979117 0.627176398
0.998945705 -0.045575214 0.005511739 79.601287215 0.045544295 0.998946563 0.005610789 5.487631794 -0.005761645 -0.005353846 0.999969069 0.623479629
0.999586938 -0.028128971 0.005891911 80.171170714 0.028051600 0.999524180 0.012826594 5.549374464 -0.006249906 -0.012656018 0.999900377 0.634044405
0.999958495 -0.006584201 0.006297325 80.669227992 0.006508705 0.999907592 0.011934959 5.524650669 -0.006375325 -0.011893477 0.999908946 0.623674001
0.999785550 0.019765151 0.006180045 81.159190781 -0.019835469 0.999736750 0.011531885 5.518350535 -0.005950489 -0.011651996 0.999914408 0.622004011
0.998744802 0.049468197 0.007856052 81.569662713 -0.049532927 0.998738248 0.008270494 5.466448635 -0.007437013 -0.008649246 0.999934939 0.595402549
0.996587156 0.081888080 0.010410733 81.969830656 -0.081945516 0.996623167 0.005214959 5.404210484 -0.009948535 -0.006050274 0.999932208 0.551463251
0.992759604 0.119554309 0.011624763 82.442205368 -0.119626183 0.992802670 0.005695213 5.355474126 -0.010860208 -0.007044604 0.999916211 0.545696187
