1.000000000 0.000000000 0.000000000 0.000000000 0.000000000 1.000000000 0.000000000 0.000000000 0.000000000 0.000000000 1.000000000 0.000000000
1.000000000 -0.000000000 0.000000000 0.200000376 0.000000000 1.000000000 -0.000000000 -0.000000000 -0.000000000 0.000000000 1.000000000 0.000000000
1.000000000 0.000000000 0.000000000 0.400000334 -0.000000000 1.000000000 -0.000000000 0.000000000 -0.000000000 0.000000000 1.000000000 0.000000000
1.000000000 -0.000000000 -0.000000000 0.599999870 0.000000000 1.000000000 -0.000000000 -0.000000000 0.000000000 0.000000000 1.000000000 -0.000000000
1.000000000 -0.000000000 -0.000000000 0.799999503 0.000000000 1.000000000 -0.000000000 -0.000000000 0.000000000 0.000000000 1.000000000 -0.000000000
1.000000000 0.000000000 0.000000000 0.999999260 -0.000000000 1.000000000 0.000000000 0.000000000 -0.000000000 -0.000000000 1.000000000 0.000000000
1.000000000 0.000000000 -0.000000000 1.199999526 -0.000000000 1.000000000 -0.000000000 0.000000000 0.000000000 0.000000000 1.000000000 -0.000000000
1.000000000 0.000000000 -0.000000000 1.399999917 -0.000000000 1.000000000 -0.000000000 -0.000000000 0.000000000 0.000000000 1.000000000 -0.000000000
1.000000000 -0.000000000 -0.000000000 1.600000255 0.000000000 1.000000000 0.000000000 -0.000000000 0.000000000 -0.000000000 1.000000000 -0.000000000
1.000000000 0.000000000 0.000000000 1.800000331 -0.000000000 1.000000000 -0.000000000 0.000000000 -0.000000000 0.000000000 1.000000000 0.000000000
1.000000000 -0.000000000 0.000000000 2.000000302 0.000000000 1.000000000 -0.000000000 0.000000000 -0.000000000 0.000000000 1.000000000 0.000000000
1.000000000 -0.000000000 0.000000000 2.200000315 0.000000000 1.000000000 -0.000000000 -0.000000000 -0.000000000 0.000000000 1.000000000 -0.000000000
1.000000000 0.000000000 0.000000000 2.400000341 -0.000000000 1.000000000 -0.000000000 0.000000000 -0.000000000 0.000000000 1.000000000 0.000000000
1.000000000 -0.000000000 -0.000000000 2.600000326 0.000000000 1.000000000 -0.000000000 -0.000000000 0.000000000 0.000000000 1.000000000 -0.000000000
1.000000000 0.000000000 -0.000000000 2.800000321 -0.000000000 1.000000000 -0.000000000 0.000000000 0.000000000 0.000000000 1.000000000 0.000000000
1.000000000 -0.000000000 -0.000000000 3.000000302 0.000000000 1.000000000 -0.000000000 -0.000000000 0.000000000 0.000000000 1.000000000 -0.000000000
1.000000000 -0.000000000 -0.000000000 3.200000289 0.000000000 1.000000000 -0.000000000 -0.000000000 0.000000000 0.000000000 1.000000000 -0.000000000
1.000000000 -0.000000000 -0.000000000 3.400000305 0.000000000 1.000000000 0.000000000 -0.000000000 0.000000000 -0.000000000 1.000000000 0.000000000
1.000000000 -0.000000000 -0.000000000 3.600000325 0.000000000 1.000000000 0.000000000 0.000000000 0.000000000 -0.000000000 1.000000000 0.000000000
1.000000000 0.000000000 0.000000000 3.800000330 -0.000000000 1.000000000 -0.000000000 0.000000000 -0.000000000 0.000000000 1.000000000 0.000000000
